n=1
1

n=2
121

n=3
123121321

n=4
123412314231243121342132413214321

n=5
123451234152341253412354123145231425314235142315423124531243512431524312543121345213425134215342135421324513241532413524132541321453214352143251432154321
123451234152341253412354123145231425314235142315423124531243512431524312543121354213524135214352134521325413251432513425132451321543215342153241532145321
123451234152341253412354123145231425314235142315421352413521435213452135421534215432154231245321453241532451325413251432513425132453124351243152431254312
123451234152341253412354123145213425134215342135421345214352145321452314253142351423154231245312435124315243125432154325143254132451324153241352413254312
123451234152341253412354132541352413542134521342513421534213541231452314253142351423154231245321435214325143215432145324153245132453124351243152431254312
123451234152341253412354132514325134251324513254135241354213541231452134521435214532154321534215324153214523142531423514231542312453124351243152431254312
123451324513425134521354213524135214352134512341523412534123541231452314253142351423154231245312435124315243125432153421532415321453215432514325413254312
123451324153241352413254132451342513452134512341523412534123541231452314253142351423154213542153421543214532143521432514321542312453124351243152431254312

n=6: 872
1234561234516234512634512364513264513624513642513645213645123465123415
6234152634152364152346152341652341256341253641253461253416253412653412
3564123546123541623541263541236541326543126453162435162431562431652431
6254316245316425314625314265314256314253614253164523146523145623145263
1452361452316453216453126435126431526431256432156423154623154263154236
1542316542315642135642153624153621453621543621534621354621345621346521
3462513462153642156342165342163542163452163425163421564325164325614325
6413256431265432165432615342613542613452613425613426513426153246513246
5312463512463152463125463215463251463254163254613254631245632145632415
6324516324561324563124653214653241653246153264153261453261543265143625
1436521435621435261435216435214635214365124361524361254361245361243561
2436514235614235164235146235142635142365143265413625413652413562413526
41352461352416352413654213654123

